1
2
3
4
5
6
7
8
9
10
11
12
13
14
15
16
17
18
19
20
21
22
23
24
191
25
336
26
583
27
327
28
43
29
340
30
108
31
681
32
141
33
341
34
834
35
101
36
685
37
839
38
816
39
308
40
54
41
443
42
93
44
106
45
668
46
255
47
260
48
812
49
414
50
80
51
222
52
670
53
465
55
328
56
582
57
182
58
830
59
409
60
633
61
488
62
298
63
396
64
427
65
399
66
158
67
68
69
86
70
738
71
432
72
759
73
342
74
772
75
468
76
636
77
256
78
220
79
81
82
564
83
84
85
186
87
893
88
673
89
523
90
792
91
813
92
519
94
717
95
311
96
492
97
612
98
454
99
779
100
624
102
829
103
706
104
659
105
494
107
356
109
284
110
210
111
505
112
276
113
639
114
734
115
299
116
464
117
875
118
119
120
826
121
921
122
136
123
124
125
351
126
590
127
371
128
315
129
292
130
131
132
428
133
727
134
319
135
150
137
245
138
630
139
237
140
680
142
143
144
884
145
522
146
147
148
851
149
795
151
215
152
616
153
694
154
273
155
156
157
501
159
338
160
161
162
389
163
369
164
362
165
483
166
167
168
637
169
656
170
365
171
515
172
657
173
782
174
506
175
698
176
863
177
953
178
737
179
662
180
394
181
856
183
628
184
560
185
712
187
497
188
444
189
190
192
722
193
789
194
264
195
196
197
561
198
373
199
548
200
547
201
760
202
615
203
554
204
847
205
206
207
566
208
811
209
922
211
212
213
524
214
216
217
218
219
221
223
224
225
226
227
228
229
230
231
232
233
234
235
236
238
239
240
241
242
243
244
246
247
248
249
250
251
252
253
254
257
258
259
261
262
263
265
266
267
268
269
270
271
272
274
275
277
278
279
280
281
282
283
285
286
287
288
289
290
291
293
294
295
296
297
300
301
302
303
304
305
306
307
309
310
312
313
314
316
317
318
320
321
322
323
324
325
326
329
330
331
332
333
334
335
337
339
343
344
345
346
347
348
349
350
352
353
354
355
357
358
359
360
361
363
364
366
367
368
370
372
374
375
376
377
378
379
380
381
382
383
384
385
386
387
388
390
391
392
393
395
397
398
400
401
402
403
404
405
406
407
408
410
411
412
413
415
416
417
418
419
420
421
422
423
424
425
426
429
430
431
433
434
435
436
437
438
439
440
441
442
445
446
447
448
449
450
451
452
453
455
456
457
458
459
460
461
462
463
466
467
469
470
471
472
473
474
475
476
477
478
479
480
481
482
484
485
486
487
489
490
491
493
495
496
498
499
500
502
503
504
507
508
509
510
511
512
513
514
516
517
518
520
521
525
526
527
528
529
530
531
532
533
534
535
536
537
538
539
540
541
542
543
544
545
546
549
550
551
552
553
555
556
557
558
559
562
563
565
567
568
569
570
571
572
573
574
575
576
577
578
579
580
581
584
585
586
587
588
589
591
592
593
594
595
596
597
598
599
600
601
602
603
604
605
606
607
608
609
610
611
613
614
617
618
619
620
621
622
623
625
626
627
629
631
632
634
635
638
640
641
642
643
644
645
646
647
648
649
650
651
652
653
654
655
658
660
661
663
664
665
666
667
669
671
672
674
675
676
677
678
679
682
683
684
686
687
688
689
690
691
692
693
695
696
697
699
700
701
702
703
704
705
707
708
709
710
711
713
714
715
716
718
719
720
721
723
724
725
726
728
729
730
731
732
733
735
736
739
740
741
742
743
744
745
746
747
748
749
750
751
752
753
754
755
756
757
758
761
762
763
764
765
766
767
768
769
770
771
773
774
775
776
777
778
780
781
783
784
785
786
787
788
790
791
793
794
796
797
798
799
800
801
802
803
804
805
806
807
808
809
810
814
815
817
818
819
820
821
822
823
824
825
827
828
831
832
833
835
836
837
838
840
841
842
843
844
845
846
848
849
850
852
853
854
855
857
858
859
860
861
862
864
865
866
867
868
869
870
871
872
873
874
876
877
878
879
880
881
882
883
885
886
887
888
889
890
891
892
894
895
896
897
898
899
900
901
902
903
904
905
906
907
908
909
910
911
912
913
914
915
916
917
918
919
920
923
924
925
926
927
928
929
930
931
932
933
934
935
936
937
938
939
940
941
942
943
944
945
946
947
948
949
950
951
952
954
955
956
957
958
959
960
961
962
963
964
965
966
967
968
969
970
971
972
973
974
975
976
977
978
979
980
981
982
983
984
985
986
987
988
989
990
991
992
993
994
995
996
997
998
999
1000
